945
(
(0.02494750 -0.00133116 -0.10156000)
(0.02464280 -0.00390204 -0.10156000)
(0.02408600 -0.00644688 -0.10156000)
(0.02326880 -0.00892305 -0.10156000)
(0.02219890 -0.01130180 -0.10156000)
(0.02088800 -0.01355740 -0.10156000)
(0.01935070 -0.01566560 -0.10156000)
(0.01760360 -0.01760360 -0.10156000)
(0.01566550 -0.01935080 -0.10156000)
(0.01355730 -0.02088810 -0.10156000)
(0.01130180 -0.02219890 -0.10156000)
(0.00892297 -0.02326880 -0.10156000)
(0.00644678 -0.02408600 -0.10156000)
(0.00390191 -0.02464280 -0.10156000)
(0.00133131 -0.02494740 -0.10156000)
(0.02395600 -0.00124574 -0.10156000)
(0.02362140 -0.00371727 -0.10156000)
(0.02306490 -0.00614809 -0.10156000)
(0.02226280 -0.00851056 -0.10156000)
(0.02122190 -0.01077970 -0.10156000)
(0.01995450 -0.01293190 -0.10156000)
(0.01847500 -0.01494530 -0.10156000)
(0.01679930 -0.01679940 -0.10156000)
(0.01494520 -0.01847500 -0.10156000)
(0.01293180 -0.01995460 -0.10156000)
(0.01077960 -0.02122190 -0.10156000)
(0.00851048 -0.02226280 -0.10156000)
(0.00614802 -0.02306490 -0.10156000)
(0.00371722 -0.02362130 -0.10156000)
(0.00124616 -0.02395590 -0.10156000)
(0.02252630 -0.00116123 -0.10156000)
(0.02220740 -0.00348375 -0.10156000)
(0.02167090 -0.00576347 -0.10156000)
(0.02090160 -0.00797521 -0.10156000)
(0.01990920 -0.01009800 -0.10156000)
(0.01870730 -0.01211120 -0.10156000)
(0.01731080 -0.01399610 -0.10156000)
(0.01573500 -0.01573490 -0.10156000)
(0.01399620 -0.01731070 -0.10156000)
(0.01211120 -0.01870720 -0.10156000)
(0.01009810 -0.01990910 -0.10156000)
(0.00797533 -0.02090160 -0.10156000)
(0.00576363 -0.02167080 -0.10156000)
(0.00348403 -0.02220720 -0.10156000)
(0.00116196 -0.02252610 -0.10156000)
(0.02082800 -0.00107175 -0.10156000)
(0.02055270 -0.00322339 -0.10156000)
(0.02004990 -0.00533081 -0.10156000)
(0.01932600 -0.00737011 -0.10156000)
(0.01839540 -0.00932465 -0.10156000)
(0.01727390 -0.01117750 -0.10156000)
(0.01597650 -0.01291360 -0.10156000)
(0.01451830 -0.01451810 -0.10156000)
(0.01291380 -0.01597630 -0.10156000)
(0.01117780 -0.01727370 -0.10156000)
(0.00932492 -0.01839530 -0.10156000)
(0.00737042 -0.01932580 -0.10156000)
(0.00533120 -0.02004970 -0.10156000)
(0.00322393 -0.02055250 -0.10156000)
(0.00107264 -0.02082780 -0.10156000)
(0.01909620 -0.00098592 -0.10156000)
(0.01886800 -0.00296220 -0.10156000)
(0.01839970 -0.00489339 -0.10156000)
(0.01772190 -0.00675619 -0.10156000)
(0.01685420 -0.00853850 -0.10156000)
(0.01581440 -0.01022750 -0.10156000)
(0.01461800 -0.01181160 -0.10156000)
(0.01327950 -0.01327910 -0.10156000)
(0.01181200 -0.01461770 -0.10156000)
(0.01022780 -0.01581410 -0.10156000)
(0.00853892 -0.01685400 -0.10156000)
(0.00675667 -0.01772170 -0.10156000)
(0.00489396 -0.01839950 -0.10156000)
(0.00296293 -0.01886780 -0.10156000)
(0.00098690 -0.01909610 -0.10156000)
(0.01755510 -0.00091443 -0.10156000)
(0.01733840 -0.00271972 -0.10156000)
(0.01689130 -0.00448383 -0.10156000)
(0.01624830 -0.00618013 -0.10156000)
(0.01543230 -0.00780087 -0.10156000)
(0.01446270 -0.00933733 -0.10156000)
(0.01335560 -0.01078150 -0.10156000)
(0.01212470 -0.01212430 -0.10156000)
(0.01078200 -0.01335520 -0.10156000)
(0.00933781 -0.01446240 -0.10156000)
(0.00780140 -0.01543200 -0.10156000)
(0.00618073 -0.01624800 -0.10156000)
(0.00448453 -0.01689100 -0.10156000)
(0.00272055 -0.01733820 -0.10156000)
(0.00091549 -0.01755480 -0.10156000)
(0.01621680 -0.00083623 -0.10156000)
(0.01598850 -0.00249365 -0.10156000)
(0.01554920 -0.00410288 -0.10156000)
(0.01492860 -0.00564474 -0.10156000)
(0.01415170 -0.00711724 -0.10156000)
(0.01323910 -0.00851575 -0.10156000)
(0.01220710 -0.00983522 -0.10156000)
(0.01106900 -0.01106850 -0.10156000)
(0.00983575 -0.01220660 -0.10156000)
(0.00851632 -0.01323860 -0.10156000)
(0.00711787 -0.01415120 -0.10156000)
(0.00564544 -0.01492820 -0.10156000)
(0.00410367 -0.01554890 -0.10156000)
(0.00249457 -0.01598820 -0.10156000)
(0.00083734 -0.01621650 -0.10156000)
(0.01498580 -0.00076452 -0.10156000)
(0.01475200 -0.00227605 -0.10156000)
(0.01431410 -0.00373492 -0.10156000)
(0.01370800 -0.00512902 -0.10156000)
(0.01296200 -0.00646216 -0.10156000)
(0.01209780 -0.00773330 -0.10156000)
(0.01113120 -0.00893946 -0.10156000)
(0.01007520 -0.01007470 -0.10156000)
(0.00894005 -0.01113070 -0.10156000)
(0.00773394 -0.01209730 -0.10156000)
(0.00646286 -0.01296160 -0.10156000)
(0.00512979 -0.01370760 -0.10156000)
(0.00373578 -0.01431360 -0.10156000)
(0.00227704 -0.01475160 -0.10156000)
(0.00076566 -0.01498550 -0.10156000)
(0.01385460 -0.00069340 -0.10156000)
(0.01361000 -0.00205797 -0.10156000)
(0.01316600 -0.00336723 -0.10156000)
(0.01256770 -0.00461841 -0.10156000)
(0.01184600 -0.00582060 -0.10156000)
(0.01102240 -0.00697498 -0.10156000)
(0.01011240 -0.00807928 -0.10156000)
(0.00912821 -0.00912762 -0.10156000)
(0.00807992 -0.01011180 -0.10156000)
(0.00697567 -0.01102180 -0.10156000)
(0.00582135 -0.01184550 -0.10156000)
(0.00461923 -0.01256720 -0.10156000)
(0.00336814 -0.01316550 -0.10156000)
(0.00205898 -0.01360960 -0.10156000)
(0.00069455 -0.01385420 -0.10156000)
(0.01282130 -0.00061752 -0.10156000)
(0.01255570 -0.00182569 -0.10156000)
(0.01209710 -0.00298293 -0.10156000)
(0.01150020 -0.00409666 -0.10156000)
(0.01079610 -0.00517843 -0.10156000)
(0.01000540 -0.00622893 -0.10156000)
(0.00914260 -0.00724463 -0.10156000)
(0.00821920 -0.00821857 -0.10156000)
(0.00724530 -0.00914200 -0.10156000)
(0.00622965 -0.01000490 -0.10156000)
(0.00517920 -0.01079550 -0.10156000)
(0.00409750 -0.01149960 -0.10156000)
(0.00298386 -0.01209660 -0.10156000)
(0.00182671 -0.01255520 -0.10156000)
(0.00061867 -0.01282090 -0.10156000)
(0.01188830 -0.00052717 -0.10156000)
(0.01158340 -0.00155371 -0.10156000)
(0.01110070 -0.00255540 -0.10156000)
(0.01049880 -0.00354175 -0.10156000)
(0.00980588 -0.00451873 -0.10156000)
(0.00904003 -0.00548214 -0.10156000)
(0.00821421 -0.00642510 -0.10156000)
(0.00733943 -0.00733878 -0.10156000)
(0.00642579 -0.00821360 -0.10156000)
(0.00548287 -0.00903945 -0.10156000)
(0.00451952 -0.00980532 -0.10156000)
(0.00354260 -0.01049830 -0.10156000)
(0.00255633 -0.01110020 -0.10156000)
(0.00155472 -0.01158290 -0.10156000)
(0.00052828 -0.01188780 -0.10156000)
(0.01107420 -0.00040195 -0.10156000)
(0.01069160 -0.00118988 -0.10156000)
(0.01017330 -0.00204295 -0.10156000)
(0.00955906 -0.00292564 -0.10156000)
(0.00886943 -0.00382291 -0.10156000)
(0.00811920 -0.00472147 -0.10156000)
(0.00731944 -0.00561047 -0.10156000)
(0.00648020 -0.00647955 -0.10156000)
(0.00561116 -0.00731883 -0.10156000)
(0.00472220 -0.00811861 -0.10156000)
(0.00382370 -0.00886887 -0.10156000)
(0.00292649 -0.00955852 -0.10156000)
(0.00204386 -0.01017280 -0.10156000)
(0.00119086 -0.01069110 -0.10156000)
(0.00040299 -0.01107370 -0.10156000)
(0.00133127 0.02494750 -0.10156000)
(0.00390196 0.02464280 -0.10156000)
(0.00644679 0.02408600 -0.10156000)
(0.00892297 0.02326880 -0.10156000)
(0.01130180 0.02219890 -0.10156000)
(0.01355730 0.02088800 -0.10156000)
(0.01566550 0.01935070 -0.10156000)
(0.01760360 0.01760360 -0.10156000)
(0.01935070 0.01566550 -0.10156000)
(0.02088800 0.01355730 -0.10156000)
(0.02219890 0.01130180 -0.10156000)
(0.02326880 0.00892297 -0.10156000)
(0.02408600 0.00644678 -0.10156000)
(0.02464280 0.00390191 -0.10156000)
(0.02494740 0.00133131 -0.10156000)
(0.00124614 0.02395600 -0.10156000)
(0.00371724 0.02362140 -0.10156000)
(0.00614801 0.02306490 -0.10156000)
(0.00851047 0.02226280 -0.10156000)
(0.01077960 0.02122190 -0.10156000)
(0.01293180 0.01995450 -0.10156000)
(0.01494520 0.01847500 -0.10156000)
(0.01679930 0.01679930 -0.10156000)
(0.01847500 0.01494520 -0.10156000)
(0.01995450 0.01293180 -0.10156000)
(0.02122190 0.01077960 -0.10156000)
(0.02226280 0.00851046 -0.10156000)
(0.02306490 0.00614800 -0.10156000)
(0.02362130 0.00371720 -0.10156000)
(0.02395590 0.00124614 -0.10156000)
(0.00116195 0.02252620 -0.10156000)
(0.00348401 0.02220740 -0.10156000)
(0.00576361 0.02167080 -0.10156000)
(0.00797531 0.02090160 -0.10156000)
(0.01009800 0.01990910 -0.10156000)
(0.01211120 0.01870720 -0.10156000)
(0.01399610 0.01731070 -0.10156000)
(0.01573500 0.01573490 -0.10156000)
(0.01731070 0.01399610 -0.10156000)
(0.01870730 0.01211120 -0.10156000)
(0.01990920 0.01009800 -0.10156000)
(0.02090160 0.00797527 -0.10156000)
(0.02167090 0.00576358 -0.10156000)
(0.02220730 0.00348397 -0.10156000)
(0.02252620 0.00116190 -0.10156000)
(0.00107263 0.02082780 -0.10156000)
(0.00322389 0.02055250 -0.10156000)
(0.00533116 0.02004970 -0.10156000)
(0.00737039 0.01932590 -0.10156000)
(0.00932489 0.01839530 -0.10156000)
(0.01117770 0.01727370 -0.10156000)
(0.01291380 0.01597640 -0.10156000)
(0.01451820 0.01451810 -0.10156000)
(0.01597650 0.01291370 -0.10156000)
(0.01727380 0.01117770 -0.10156000)
(0.01839540 0.00932480 -0.10156000)
(0.01932600 0.00737030 -0.10156000)
(0.02004980 0.00533108 -0.10156000)
(0.02055260 0.00322382 -0.10156000)
(0.02082790 0.00107253 -0.10156000)
(0.00098685 0.01909600 -0.10156000)
(0.00296286 0.01886780 -0.10156000)
(0.00489390 0.01839950 -0.10156000)
(0.00675661 0.01772170 -0.10156000)
(0.00853886 0.01685400 -0.10156000)
(0.01022780 0.01581420 -0.10156000)
(0.01181190 0.01461780 -0.10156000)
(0.01327940 0.01327930 -0.10156000)
(0.01461790 0.01181180 -0.10156000)
(0.01581430 0.01022760 -0.10156000)
(0.01685420 0.00853873 -0.10156000)
(0.01772180 0.00675648 -0.10156000)
(0.01839970 0.00489378 -0.10156000)
(0.01886800 0.00296275 -0.10156000)
(0.01909620 0.00098672 -0.10156000)
(0.00091540 0.01755480 -0.10156000)
(0.00272048 0.01733810 -0.10156000)
(0.00448446 0.01689100 -0.10156000)
(0.00618066 0.01624800 -0.10156000)
(0.00780132 0.01543210 -0.10156000)
(0.00933773 0.01446250 -0.10156000)
(0.01078190 0.01335530 -0.10156000)
(0.01212460 0.01212440 -0.10156000)
(0.01335550 0.01078170 -0.10156000)
(0.01446270 0.00933755 -0.10156000)
(0.01543230 0.00780114 -0.10156000)
(0.01624820 0.00618048 -0.10156000)
(0.01689120 0.00448428 -0.10156000)
(0.01733840 0.00272031 -0.10156000)
(0.01755510 0.00091526 -0.10156000)
(0.00083725 0.01621650 -0.10156000)
(0.00249448 0.01598820 -0.10156000)
(0.00410359 0.01554890 -0.10156000)
(0.00564536 0.01492830 -0.10156000)
(0.00711778 0.01415130 -0.10156000)
(0.00851623 0.01323870 -0.10156000)
(0.00983565 0.01220680 -0.10156000)
(0.01106890 0.01106870 -0.10156000)
(0.01220700 0.00983542 -0.10156000)
(0.01323900 0.00851600 -0.10156000)
(0.01415160 0.00711756 -0.10156000)
(0.01492850 0.00564514 -0.10156000)
(0.01554910 0.00410338 -0.10156000)
(0.01598850 0.00249428 -0.10156000)
(0.01621680 0.00083706 -0.10156000)
(0.00076556 0.01498550 -0.10156000)
(0.00227694 0.01475160 -0.10156000)
(0.00373569 0.01431360 -0.10156000)
(0.00512969 0.01370760 -0.10156000)
(0.00646276 0.01296160 -0.10156000)
(0.00773384 0.01209740 -0.10156000)
(0.00893995 0.01113080 -0.10156000)
(0.01007510 0.01007480 -0.10156000)
(0.01113110 0.00893968 -0.10156000)
(0.01209760 0.00773358 -0.10156000)
(0.01296190 0.00646251 -0.10156000)
(0.01370790 0.00512944 -0.10156000)
(0.01431390 0.00373544 -0.10156000)
(0.01475200 0.00227671 -0.10156000)
(0.01498580 0.00076534 -0.10156000)
(0.00069445 0.01385420 -0.10156000)
(0.00205888 0.01360960 -0.10156000)
(0.00336804 0.01316550 -0.10156000)
(0.00461913 0.01256730 -0.10156000)
(0.00582124 0.01184550 -0.10156000)
(0.00697557 0.01102190 -0.10156000)
(0.00807981 0.01011200 -0.10156000)
(0.00912810 0.00912780 -0.10156000)
(0.01011230 0.00807951 -0.10156000)
(0.01102220 0.00697527 -0.10156000)
(0.01184580 0.00582096 -0.10156000)
(0.01256760 0.00461885 -0.10156000)
(0.01316590 0.00336777 -0.10156000)
(0.01360990 0.00205862 -0.10156000)
(0.01385460 0.00069420 -0.10156000)
(0.00061857 0.01282090 -0.10156000)
(0.00182661 0.01255520 -0.10156000)
(0.00298376 0.01209660 -0.10156000)
(0.00409740 0.01149970 -0.10156000)
(0.00517910 0.01079560 -0.10156000)
(0.00622955 0.01000500 -0.10156000)
(0.00724519 0.00914215 -0.10156000)
(0.00821909 0.00821876 -0.10156000)
(0.00914249 0.00724487 -0.10156000)
(0.01000530 0.00622923 -0.10156000)
(0.01079600 0.00517879 -0.10156000)
(0.01150000 0.00409710 -0.10156000)
(0.01209700 0.00298346 -0.10156000)
(0.01255560 0.00182632 -0.10156000)
(0.01282130 0.00061829 -0.10156000)
(0.00052818 0.01188780 -0.10156000)
(0.00155462 0.01158290 -0.10156000)
(0.00255623 0.01110020 -0.10156000)
(0.00354250 0.01049840 -0.10156000)
(0.00451942 0.00980540 -0.10156000)
(0.00548277 0.00903956 -0.10156000)
(0.00642569 0.00821375 -0.10156000)
(0.00733933 0.00733897 -0.10156000)
(0.00821411 0.00642534 -0.10156000)
(0.00903993 0.00548243 -0.10156000)
(0.00980577 0.00451908 -0.10156000)
(0.01049870 0.00354217 -0.10156000)
(0.01110060 0.00255591 -0.10156000)
(0.01158330 0.00155431 -0.10156000)
(0.01188820 0.00052788 -0.10156000)
(0.00040290 0.01107370 -0.10156000)
(0.00119076 0.01069110 -0.10156000)
(0.00204377 0.01017280 -0.10156000)
(0.00292639 0.00955857 -0.10156000)
(0.00382360 0.00886895 -0.10156000)
(0.00472211 0.00811871 -0.10156000)
(0.00561107 0.00731897 -0.10156000)
(0.00648011 0.00647973 -0.10156000)
(0.00731935 0.00561070 -0.10156000)
(0.00811911 0.00472175 -0.10156000)
(0.00886934 0.00382325 -0.10156000)
(0.00955897 0.00292605 -0.10156000)
(0.01017320 0.00204343 -0.10156000)
(0.01069150 0.00119044 -0.10156000)
(0.01107410 0.00040259 -0.10156000)
(-0.00133116 -0.02494750 -0.10156000)
(-0.00390204 -0.02464280 -0.10156000)
(-0.00644688 -0.02408600 -0.10156000)
(-0.00892305 -0.02326880 -0.10156000)
(-0.01130180 -0.02219890 -0.10156000)
(-0.01355740 -0.02088800 -0.10156000)
(-0.01566550 -0.01935070 -0.10156000)
(-0.01760360 -0.01760360 -0.10156000)
(-0.01935080 -0.01566550 -0.10156000)
(-0.02088810 -0.01355730 -0.10156000)
(-0.02219890 -0.01130180 -0.10156000)
(-0.02326880 -0.00892296 -0.10156000)
(-0.02408600 -0.00644678 -0.10156000)
(-0.02464280 -0.00390191 -0.10156000)
(-0.02494740 -0.00133131 -0.10156000)
(-0.00124572 -0.02395600 -0.10156000)
(-0.00371725 -0.02362140 -0.10156000)
(-0.00614808 -0.02306490 -0.10156000)
(-0.00851054 -0.02226280 -0.10156000)
(-0.01077970 -0.02122190 -0.10156000)
(-0.01293190 -0.01995450 -0.10156000)
(-0.01494530 -0.01847500 -0.10156000)
(-0.01679940 -0.01679930 -0.10156000)
(-0.01847500 -0.01494520 -0.10156000)
(-0.01995450 -0.01293180 -0.10156000)
(-0.02122190 -0.01077960 -0.10156000)
(-0.02226280 -0.00851046 -0.10156000)
(-0.02306490 -0.00614800 -0.10156000)
(-0.02362130 -0.00371720 -0.10156000)
(-0.02395590 -0.00124614 -0.10156000)
(-0.00116117 -0.02252620 -0.10156000)
(-0.00348370 -0.02220740 -0.10156000)
(-0.00576342 -0.02167080 -0.10156000)
(-0.00797516 -0.02090150 -0.10156000)
(-0.01009790 -0.01990910 -0.10156000)
(-0.01211110 -0.01870720 -0.10156000)
(-0.01399600 -0.01731070 -0.10156000)
(-0.01573480 -0.01573490 -0.10156000)
(-0.01731060 -0.01399610 -0.10156000)
(-0.01870720 -0.01211120 -0.10156000)
(-0.01990900 -0.01009800 -0.10156000)
(-0.02090150 -0.00797527 -0.10156000)
(-0.02167080 -0.00576358 -0.10156000)
(-0.02220720 -0.00348397 -0.10156000)
(-0.02252610 -0.00116190 -0.10156000)
(-0.00107165 -0.02082780 -0.10156000)
(-0.00322328 -0.02055250 -0.10156000)
(-0.00533070 -0.02004970 -0.10156000)
(-0.00737000 -0.01932590 -0.10156000)
(-0.00932454 -0.01839530 -0.10156000)
(-0.01117740 -0.01727370 -0.10156000)
(-0.01291350 -0.01597640 -0.10156000)
(-0.01451800 -0.01451820 -0.10156000)
(-0.01597620 -0.01291370 -0.10156000)
(-0.01727360 -0.01117770 -0.10156000)
(-0.01839520 -0.00932482 -0.10156000)
(-0.01932570 -0.00737031 -0.10156000)
(-0.02004960 -0.00533109 -0.10156000)
(-0.02055230 -0.00322383 -0.10156000)
(-0.02082760 -0.00107254 -0.10156000)
(-0.00098575 -0.01909610 -0.10156000)
(-0.00296203 -0.01886780 -0.10156000)
(-0.00489322 -0.01839950 -0.10156000)
(-0.00675602 -0.01772170 -0.10156000)
(-0.00853834 -0.01685410 -0.10156000)
(-0.01022730 -0.01581420 -0.10156000)
(-0.01181140 -0.01461780 -0.10156000)
(-0.01327900 -0.01327930 -0.10156000)
(-0.01461750 -0.01181180 -0.10156000)
(-0.01581390 -0.01022770 -0.10156000)
(-0.01685380 -0.00853875 -0.10156000)
(-0.01772150 -0.00675650 -0.10156000)
(-0.01839930 -0.00489379 -0.10156000)
(-0.01886760 -0.00296276 -0.10156000)
(-0.01909590 -0.00098673 -0.10156000)
(-0.00091420 -0.01755480 -0.10156000)
(-0.00271950 -0.01733820 -0.10156000)
(-0.00448361 -0.01689110 -0.10156000)
(-0.00617991 -0.01624810 -0.10156000)
(-0.00780064 -0.01543210 -0.10156000)
(-0.00933711 -0.01446250 -0.10156000)
(-0.01078130 -0.01335540 -0.10156000)
(-0.01212410 -0.01212450 -0.10156000)
(-0.01335500 -0.01078170 -0.10156000)
(-0.01446220 -0.00933759 -0.10156000)
(-0.01543180 -0.00780118 -0.10156000)
(-0.01624770 -0.00618051 -0.10156000)
(-0.01689080 -0.00448431 -0.10156000)
(-0.01733790 -0.00272033 -0.10156000)
(-0.01755460 -0.00091526 -0.10156000)
(-0.00083596 -0.01621650 -0.10156000)
(-0.00249338 -0.01598820 -0.10156000)
(-0.00410261 -0.01554890 -0.10156000)
(-0.00564448 -0.01492830 -0.10156000)
(-0.00711698 -0.01415140 -0.10156000)
(-0.00851548 -0.01323880 -0.10156000)
(-0.00983495 -0.01220680 -0.10156000)
(-0.01106820 -0.01106870 -0.10156000)
(-0.01220640 -0.00983548 -0.10156000)
(-0.01323840 -0.00851605 -0.10156000)
(-0.01415100 -0.00711761 -0.10156000)
(-0.01492790 -0.00564518 -0.10156000)
(-0.01554860 -0.00410341 -0.10156000)
(-0.01598790 -0.00249430 -0.10156000)
(-0.01621620 -0.00083707 -0.10156000)
(-0.00076421 -0.01498550 -0.10156000)
(-0.00227575 -0.01475170 -0.10156000)
(-0.00373461 -0.01431370 -0.10156000)
(-0.00512871 -0.01370770 -0.10156000)
(-0.00646186 -0.01296170 -0.10156000)
(-0.00773300 -0.01209740 -0.10156000)
(-0.00893915 -0.01113090 -0.10156000)
(-0.01007440 -0.01007490 -0.10156000)
(-0.01113040 -0.00893974 -0.10156000)
(-0.01209690 -0.00773363 -0.10156000)
(-0.01296120 -0.00646256 -0.10156000)
(-0.01370720 -0.00512949 -0.10156000)
(-0.01431330 -0.00373548 -0.10156000)
(-0.01475130 -0.00227673 -0.10156000)
(-0.01498510 -0.00076535 -0.10156000)
(-0.00069305 -0.01385430 -0.10156000)
(-0.00205763 -0.01360970 -0.10156000)
(-0.00336690 -0.01316560 -0.10156000)
(-0.00461808 -0.01256740 -0.10156000)
(-0.00582027 -0.01184560 -0.10156000)
(-0.00697465 -0.01102200 -0.10156000)
(-0.00807894 -0.01011200 -0.10156000)
(-0.00912727 -0.00912787 -0.10156000)
(-0.01011150 -0.00807958 -0.10156000)
(-0.01102150 -0.00697534 -0.10156000)
(-0.01184510 -0.00582101 -0.10156000)
(-0.01256690 -0.00461890 -0.10156000)
(-0.01316510 -0.00336781 -0.10156000)
(-0.01360920 -0.00205864 -0.10156000)
(-0.01385390 -0.00069421 -0.10156000)
(-0.00061715 -0.01282090 -0.10156000)
(-0.00182532 -0.01255530 -0.10156000)
(-0.00298257 -0.01209670 -0.10156000)
(-0.00409630 -0.01149980 -0.10156000)
(-0.00517807 -0.01079570 -0.10156000)
(-0.00622857 -0.01000510 -0.10156000)
(-0.00724427 -0.00914222 -0.10156000)
(-0.00821820 -0.00821883 -0.10156000)
(-0.00914163 -0.00724493 -0.10156000)
(-0.01000450 -0.00622929 -0.10156000)
(-0.01079510 -0.00517884 -0.10156000)
(-0.01149920 -0.00409715 -0.10156000)
(-0.01209620 -0.00298350 -0.10156000)
(-0.01255480 -0.00182635 -0.10156000)
(-0.01282050 -0.00061830 -0.10156000)
(-0.00052678 -0.01188790 -0.10156000)
(-0.00155333 -0.01158300 -0.10156000)
(-0.00255502 -0.01110030 -0.10156000)
(-0.00354137 -0.01049840 -0.10156000)
(-0.00451835 -0.00980546 -0.10156000)
(-0.00548176 -0.00903963 -0.10156000)
(-0.00642472 -0.00821381 -0.10156000)
(-0.00733839 -0.00733903 -0.10156000)
(-0.00821321 -0.00642540 -0.10156000)
(-0.00903905 -0.00548248 -0.10156000)
(-0.00980492 -0.00451913 -0.10156000)
(-0.01049790 -0.00354222 -0.10156000)
(-0.01109980 -0.00255595 -0.10156000)
(-0.01158250 -0.00155434 -0.10156000)
(-0.01188740 -0.00052790 -0.10156000)
(-0.00040155 -0.01107370 -0.10156000)
(-0.00118948 -0.01069110 -0.10156000)
(-0.00204256 -0.01017280 -0.10156000)
(-0.00292525 -0.00955862 -0.10156000)
(-0.00382251 -0.00886900 -0.10156000)
(-0.00472107 -0.00811877 -0.10156000)
(-0.00561007 -0.00731902 -0.10156000)
(-0.00647914 -0.00647978 -0.10156000)
(-0.00731841 -0.00561075 -0.10156000)
(-0.00811819 -0.00472180 -0.10156000)
(-0.00886845 -0.00382330 -0.10156000)
(-0.00955810 -0.00292609 -0.10156000)
(-0.01017230 -0.00204346 -0.10156000)
(-0.01069070 -0.00119046 -0.10156000)
(-0.01107330 -0.00040260 -0.10156000)
(-0.02494750 0.00133116 -0.10156000)
(-0.02464280 0.00390204 -0.10156000)
(-0.02408600 0.00644688 -0.10156000)
(-0.02326880 0.00892305 -0.10156000)
(-0.02219890 0.01130180 -0.10156000)
(-0.02088810 0.01355740 -0.10156000)
(-0.01935080 0.01566550 -0.10156000)
(-0.01760360 0.01760360 -0.10156000)
(-0.01566560 0.01935080 -0.10156000)
(-0.01355740 0.02088810 -0.10156000)
(-0.01130180 0.02219890 -0.10156000)
(-0.00892305 0.02326880 -0.10156000)
(-0.00644687 0.02408600 -0.10156000)
(-0.00390200 0.02464280 -0.10156000)
(-0.00133120 0.02494740 -0.10156000)
(-0.02395600 0.00124574 -0.10156000)
(-0.02362140 0.00371727 -0.10156000)
(-0.02306490 0.00614809 -0.10156000)
(-0.02226280 0.00851056 -0.10156000)
(-0.02122190 0.01077970 -0.10156000)
(-0.01995450 0.01293190 -0.10156000)
(-0.01847500 0.01494530 -0.10156000)
(-0.01679940 0.01679940 -0.10156000)
(-0.01494530 0.01847500 -0.10156000)
(-0.01293190 0.01995450 -0.10156000)
(-0.01077970 0.02122190 -0.10156000)
(-0.00851055 0.02226280 -0.10156000)
(-0.00614808 0.02306490 -0.10156000)
(-0.00371723 0.02362130 -0.10156000)
(-0.00124574 0.02395590 -0.10156000)
(-0.02252620 0.00116123 -0.10156000)
(-0.02220730 0.00348376 -0.10156000)
(-0.02167080 0.00576348 -0.10156000)
(-0.02090150 0.00797522 -0.10156000)
(-0.01990910 0.01009800 -0.10156000)
(-0.01870720 0.01211120 -0.10156000)
(-0.01731060 0.01399610 -0.10156000)
(-0.01573490 0.01573490 -0.10156000)
(-0.01399600 0.01731070 -0.10156000)
(-0.01211110 0.01870720 -0.10156000)
(-0.01009790 0.01990910 -0.10156000)
(-0.00797518 0.02090160 -0.10156000)
(-0.00576344 0.02167080 -0.10156000)
(-0.00348372 0.02220720 -0.10156000)
(-0.00116118 0.02252610 -0.10156000)
(-0.02082770 0.00107176 -0.10156000)
(-0.02055240 0.00322339 -0.10156000)
(-0.02004960 0.00533082 -0.10156000)
(-0.01932570 0.00737012 -0.10156000)
(-0.01839520 0.00932466 -0.10156000)
(-0.01727360 0.01117760 -0.10156000)
(-0.01597620 0.01291360 -0.10156000)
(-0.01451800 0.01451810 -0.10156000)
(-0.01291350 0.01597630 -0.10156000)
(-0.01117750 0.01727370 -0.10156000)
(-0.00932458 0.01839530 -0.10156000)
(-0.00737004 0.01932580 -0.10156000)
(-0.00533074 0.02004970 -0.10156000)
(-0.00322333 0.02055250 -0.10156000)
(-0.00107166 0.02082780 -0.10156000)
(-0.01909590 0.00098592 -0.10156000)
(-0.01886760 0.00296221 -0.10156000)
(-0.01839930 0.00489341 -0.10156000)
(-0.01772150 0.00675621 -0.10156000)
(-0.01685390 0.00853853 -0.10156000)
(-0.01581400 0.01022750 -0.10156000)
(-0.01461760 0.01181160 -0.10156000)
(-0.01327900 0.01327920 -0.10156000)
(-0.01181150 0.01461770 -0.10156000)
(-0.01022740 0.01581410 -0.10156000)
(-0.00853840 0.01685400 -0.10156000)
(-0.00675608 0.01772170 -0.10156000)
(-0.00489328 0.01839950 -0.10156000)
(-0.00296211 0.01886780 -0.10156000)
(-0.00098579 0.01909610 -0.10156000)
(-0.01755460 0.00091443 -0.10156000)
(-0.01733790 0.00271973 -0.10156000)
(-0.01689080 0.00448385 -0.10156000)
(-0.01624780 0.00618016 -0.10156000)
(-0.01543180 0.00780090 -0.10156000)
(-0.01446220 0.00933737 -0.10156000)
(-0.01335510 0.01078160 -0.10156000)
(-0.01212410 0.01212430 -0.10156000)
(-0.01078140 0.01335530 -0.10156000)
(-0.00933718 0.01446240 -0.10156000)
(-0.00780072 0.01543200 -0.10156000)
(-0.00617998 0.01624800 -0.10156000)
(-0.00448369 0.01689110 -0.10156000)
(-0.00271957 0.01733820 -0.10156000)
(-0.00091429 0.01755490 -0.10156000)
(-0.01621620 0.00083624 -0.10156000)
(-0.01598800 0.00249366 -0.10156000)
(-0.01554870 0.00410290 -0.10156000)
(-0.01492800 0.00564478 -0.10156000)
(-0.01415110 0.00711729 -0.10156000)
(-0.01323850 0.00851580 -0.10156000)
(-0.01220650 0.00983527 -0.10156000)
(-0.01106830 0.01106860 -0.10156000)
(-0.00983505 0.01220670 -0.10156000)
(-0.00851557 0.01323870 -0.10156000)
(-0.00711707 0.01415130 -0.10156000)
(-0.00564457 0.01492830 -0.10156000)
(-0.00410270 0.01554890 -0.10156000)
(-0.00249346 0.01598820 -0.10156000)
(-0.00083605 0.01621650 -0.10156000)
(-0.01498520 0.00076452 -0.10156000)
(-0.01475140 0.00227607 -0.10156000)
(-0.01431340 0.00373495 -0.10156000)
(-0.01370730 0.00512906 -0.10156000)
(-0.01296140 0.00646221 -0.10156000)
(-0.01209710 0.00773335 -0.10156000)
(-0.01113050 0.00893952 -0.10156000)
(-0.01007450 0.01007470 -0.10156000)
(-0.00893926 0.01113080 -0.10156000)
(-0.00773310 0.01209730 -0.10156000)
(-0.00646196 0.01296160 -0.10156000)
(-0.00512881 0.01370760 -0.10156000)
(-0.00373471 0.01431370 -0.10156000)
(-0.00227584 0.01475170 -0.10156000)
(-0.00076430 0.01498550 -0.10156000)
(-0.01385390 0.00069341 -0.10156000)
(-0.01360930 0.00205799 -0.10156000)
(-0.01316530 0.00336727 -0.10156000)
(-0.01256700 0.00461846 -0.10156000)
(-0.01184520 0.00582065 -0.10156000)
(-0.01102160 0.00697504 -0.10156000)
(-0.01011160 0.00807934 -0.10156000)
(-0.00912738 0.00912768 -0.10156000)
(-0.00807905 0.01011190 -0.10156000)
(-0.00697476 0.01102190 -0.10156000)
(-0.00582037 0.01184550 -0.10156000)
(-0.00461818 0.01256730 -0.10156000)
(-0.00336700 0.01316560 -0.10156000)
(-0.00205773 0.01360960 -0.10156000)
(-0.00069315 0.01385430 -0.10156000)
(-0.01282050 0.00061753 -0.10156000)
(-0.01255490 0.00182571 -0.10156000)
(-0.01209630 0.00298297 -0.10156000)
(-0.01149940 0.00409670 -0.10156000)
(-0.01079530 0.00517848 -0.10156000)
(-0.01000460 0.00622899 -0.10156000)
(-0.00914174 0.00724469 -0.10156000)
(-0.00821831 0.00821863 -0.10156000)
(-0.00724437 0.00914207 -0.10156000)
(-0.00622868 0.01000490 -0.10156000)
(-0.00517817 0.01079560 -0.10156000)
(-0.00409641 0.01149970 -0.10156000)
(-0.00298267 0.01209670 -0.10156000)
(-0.00182542 0.01255530 -0.10156000)
(-0.00061726 0.01282090 -0.10156000)
(-0.01188750 0.00052718 -0.10156000)
(-0.01158260 0.00155373 -0.10156000)
(-0.01109990 0.00255544 -0.10156000)
(-0.01049800 0.00354179 -0.10156000)
(-0.00980502 0.00451878 -0.10156000)
(-0.00903916 0.00548219 -0.10156000)
(-0.00821331 0.00642516 -0.10156000)
(-0.00733849 0.00733884 -0.10156000)
(-0.00642482 0.00821366 -0.10156000)
(-0.00548186 0.00903951 -0.10156000)
(-0.00451845 0.00980538 -0.10156000)
(-0.00354147 0.01049840 -0.10156000)
(-0.00255512 0.01110030 -0.10156000)
(-0.00155343 0.01158300 -0.10156000)
(-0.00052689 0.01188790 -0.10156000)
(-0.01107330 0.00040195 -0.10156000)
(-0.01069070 0.00118990 -0.10156000)
(-0.01017240 0.00204298 -0.10156000)
(-0.00955818 0.00292568 -0.10156000)
(-0.00886854 0.00382295 -0.10156000)
(-0.00811828 0.00472151 -0.10156000)
(-0.00731850 0.00561052 -0.10156000)
(-0.00647923 0.00647960 -0.10156000)
(-0.00561016 0.00731887 -0.10156000)
(-0.00472116 0.00811866 -0.10156000)
(-0.00382261 0.00886892 -0.10156000)
(-0.00292534 0.00955857 -0.10156000)
(-0.00204265 0.01017280 -0.10156000)
(-0.00118958 0.01069110 -0.10156000)
(-0.00040165 0.01107370 -0.10156000)
(-0.01042020 -0.00000029 -0.10156000)
(-0.00991623 0.00066450 -0.10156000)
(-0.00933509 0.00143167 -0.10156000)
(-0.00869026 0.00225019 -0.10156000)
(-0.00798990 0.00309570 -0.10156000)
(-0.00724300 0.00395065 -0.10156000)
(-0.00645738 0.00480270 -0.10156000)
(-0.00564105 0.00564144 -0.10156000)
(-0.00480232 0.00645777 -0.10156000)
(-0.00395029 0.00724339 -0.10156000)
(-0.00309534 0.00799030 -0.10156000)
(-0.00224984 0.00869067 -0.10156000)
(-0.00143133 0.00933550 -0.10156000)
(-0.00066417 0.00991665 -0.10156000)
(0.00000060 0.01042060 -0.10156000)
(-0.00991620 -0.00066501 -0.10156000)
(-0.00924473 -0.00000023 -0.10156000)
(-0.00857242 0.00074220 -0.10156000)
(-0.00787849 0.00152929 -0.10156000)
(-0.00715386 0.00234345 -0.10156000)
(-0.00639930 0.00316950 -0.10156000)
(-0.00561794 0.00399642 -0.10156000)
(-0.00481478 0.00481518 -0.10156000)
(-0.00399603 0.00561835 -0.10156000)
(-0.00316911 0.00639972 -0.10156000)
(-0.00234308 0.00715429 -0.10156000)
(-0.00152893 0.00787891 -0.10156000)
(-0.00074185 0.00857285 -0.10156000)
(0.00000057 0.00924517 -0.10156000)
(0.00066533 0.00991664 -0.10156000)
(-0.00933504 -0.00143211 -0.10156000)
(-0.00857239 -0.00074261 -0.10156000)
(-0.00783052 -0.00000018 -0.10156000)
(-0.00709171 0.00077467 -0.10156000)
(-0.00634123 0.00157170 -0.10156000)
(-0.00557504 0.00237977 -0.10156000)
(-0.00479262 0.00319044 -0.10156000)
(-0.00399628 0.00399670 -0.10156000)
(-0.00319003 0.00479305 -0.10156000)
(-0.00237937 0.00557547 -0.10156000)
(-0.00157131 0.00634168 -0.10156000)
(-0.00077430 0.00709216 -0.10156000)
(0.00000054 0.00783098 -0.10156000)
(0.00074295 0.00857285 -0.10156000)
(0.00143244 0.00933549 -0.10156000)
(-0.00869020 -0.00225057 -0.10156000)
(-0.00787845 -0.00152964 -0.10156000)
(-0.00709169 -0.00077498 -0.10156000)
(-0.00631959 -0.00000014 -0.10156000)
(-0.00554750 0.00079035 -0.10156000)
(-0.00476972 0.00158923 -0.10156000)
(-0.00398375 0.00239084 -0.10156000)
(-0.00318992 0.00319036 -0.10156000)
(-0.00239042 0.00398419 -0.10156000)
(-0.00158882 0.00477018 -0.10156000)
(-0.00078995 0.00554797 -0.10156000)
(0.00000052 0.00632006 -0.10156000)
(0.00077535 0.00709217 -0.10156000)
(0.00152999 0.00787893 -0.10156000)
(0.00225090 0.00869068 -0.10156000)
(-0.00798983 -0.00309602 -0.10156000)
(-0.00715381 -0.00234375 -0.10156000)
(-0.00634120 -0.00157196 -0.10156000)
(-0.00554749 -0.00079058 -0.10156000)
(-0.00475984 -0.00000010 -0.10156000)
(-0.00397267 0.00079544 -0.10156000)
(-0.00318265 0.00159290 -0.10156000)
(-0.00238899 0.00238944 -0.10156000)
(-0.00159246 0.00318312 -0.10156000)
(-0.00079501 0.00397315 -0.10156000)
(0.00000051 0.00476033 -0.10156000)
(0.00079098 0.00554798 -0.10156000)
(0.00157234 0.00634170 -0.10156000)
(0.00234410 0.00715432 -0.10156000)
(0.00309635 0.00799033 -0.10156000)
(-0.00724292 -0.00395092 -0.10156000)
(-0.00639924 -0.00316974 -0.10156000)
(-0.00557500 -0.00237999 -0.10156000)
(-0.00476970 -0.00158942 -0.10156000)
(-0.00397266 -0.00079560 -0.10156000)
(-0.00317912 -0.00000006 -0.10156000)
(-0.00238579 0.00079615 -0.10156000)
(-0.00159135 0.00159183 -0.10156000)
(-0.00079569 0.00238628 -0.10156000)
(0.00000051 0.00317962 -0.10156000)
(0.00079603 0.00397317 -0.10156000)
(0.00158983 0.00477022 -0.10156000)
(0.00238038 0.00557552 -0.10156000)
(0.00317011 0.00639978 -0.10156000)
(0.00395126 0.00724345 -0.10156000)
(-0.00645731 -0.00480292 -0.10156000)
(-0.00561788 -0.00399662 -0.10156000)
(-0.00479257 -0.00319062 -0.10156000)
(-0.00398371 -0.00239099 -0.10156000)
(-0.00318263 -0.00159303 -0.10156000)
(-0.00238578 -0.00079624 -0.10156000)
(-0.00159038 -0.00000003 -0.10156000)
(-0.00079514 0.00079564 -0.10156000)
(0.00000051 0.00159089 -0.10156000)
(0.00079670 0.00238630 -0.10156000)
(0.00159347 0.00318317 -0.10156000)
(0.00239141 0.00398426 -0.10156000)
(0.00319102 0.00479313 -0.10156000)
(0.00399700 0.00561844 -0.10156000)
(0.00480327 0.00645787 -0.10156000)
(-0.00564097 -0.00564161 -0.10156000)
(-0.00481471 -0.00481534 -0.10156000)
(-0.00399622 -0.00399684 -0.10156000)
(-0.00318988 -0.00319047 -0.10156000)
(-0.00238896 -0.00238954 -0.10156000)
(-0.00159133 -0.00159189 -0.10156000)
(-0.00079513 -0.00079567 -0.10156000)
(0.00000052 -0.00000000 -0.10156000)
(0.00079617 0.00079566 -0.10156000)
(0.00159236 0.00159188 -0.10156000)
(0.00238999 0.00238952 -0.10156000)
(0.00319091 0.00319046 -0.10156000)
(0.00399725 0.00399681 -0.10156000)
(0.00481573 0.00481531 -0.10156000)
(0.00564196 0.00564157 -0.10156000)
(-0.00480224 -0.00645791 -0.10156000)
(-0.00399596 -0.00561847 -0.10156000)
(-0.00318997 -0.00479315 -0.10156000)
(-0.00239037 -0.00398428 -0.10156000)
(-0.00159242 -0.00318318 -0.10156000)
(-0.00079566 -0.00238631 -0.10156000)
(0.00000053 -0.00159090 -0.10156000)
(0.00079617 -0.00079564 -0.10156000)
(0.00159141 0.00000003 -0.10156000)
(0.00238680 0.00079623 -0.10156000)
(0.00318365 0.00159302 -0.10156000)
(0.00398472 0.00239098 -0.10156000)
(0.00479357 0.00319060 -0.10156000)
(0.00561886 0.00399659 -0.10156000)
(0.00645827 0.00480288 -0.10156000)
(-0.00395020 -0.00724350 -0.10156000)
(-0.00316904 -0.00639981 -0.10156000)
(-0.00237931 -0.00557555 -0.10156000)
(-0.00158876 -0.00477023 -0.10156000)
(-0.00079497 -0.00397318 -0.10156000)
(0.00000055 -0.00317962 -0.10156000)
(0.00079673 -0.00238628 -0.10156000)
(0.00159238 -0.00159183 -0.10156000)
(0.00238681 -0.00079615 -0.10156000)
(0.00318013 0.00000006 -0.10156000)
(0.00397366 0.00079559 -0.10156000)
(0.00477069 0.00158941 -0.10156000)
(0.00557598 0.00237997 -0.10156000)
(0.00640021 0.00316971 -0.10156000)
(0.00724387 0.00395088 -0.10156000)
(-0.00309525 -0.00799037 -0.10156000)
(-0.00234300 -0.00715435 -0.10156000)
(-0.00157124 -0.00634172 -0.10156000)
(-0.00078989 -0.00554799 -0.10156000)
(0.00000056 -0.00476033 -0.10156000)
(0.00079607 -0.00397315 -0.10156000)
(0.00159351 -0.00318311 -0.10156000)
(0.00239002 -0.00238944 -0.10156000)
(0.00318367 -0.00159290 -0.10156000)
(0.00397367 -0.00079544 -0.10156000)
(0.00476084 0.00000009 -0.10156000)
(0.00554846 0.00079057 -0.10156000)
(0.00634217 0.00157195 -0.10156000)
(0.00715476 0.00234372 -0.10156000)
(0.00799075 0.00309599 -0.10156000)
(-0.00224975 -0.00869072 -0.10156000)
(-0.00152885 -0.00787895 -0.10156000)
(-0.00077422 -0.00709218 -0.10156000)
(0.00000059 -0.00632007 -0.10156000)
(0.00079104 -0.00554796 -0.10156000)
(0.00158988 -0.00477017 -0.10156000)
(0.00239146 -0.00398418 -0.10156000)
(0.00319095 -0.00319035 -0.10156000)
(0.00398476 -0.00239083 -0.10156000)
(0.00477072 -0.00158922 -0.10156000)
(0.00554848 -0.00079035 -0.10156000)
(0.00632056 0.00000013 -0.10156000)
(0.00709264 0.00077497 -0.10156000)
(0.00787937 0.00152962 -0.10156000)
(0.00869111 0.00225054 -0.10156000)
(-0.00143124 -0.00933553 -0.10156000)
(-0.00074177 -0.00857287 -0.10156000)
(0.00000062 -0.00783098 -0.10156000)
(0.00077542 -0.00709215 -0.10156000)
(0.00157241 -0.00634167 -0.10156000)
(0.00238044 -0.00557546 -0.10156000)
(0.00319108 -0.00479303 -0.10156000)
(0.00399730 -0.00399668 -0.10156000)
(0.00479362 -0.00319042 -0.10156000)
(0.00557602 -0.00237976 -0.10156000)
(0.00634220 -0.00157169 -0.10156000)
(0.00709266 -0.00077466 -0.10156000)
(0.00783145 0.00000018 -0.10156000)
(0.00857330 0.00074259 -0.10156000)
(0.00933593 0.00143209 -0.10156000)
(-0.00066408 -0.00991666 -0.10156000)
(0.00000065 -0.00924517 -0.10156000)
(0.00074303 -0.00857284 -0.10156000)
(0.00153007 -0.00787890 -0.10156000)
(0.00234418 -0.00715426 -0.10156000)
(0.00317018 -0.00639969 -0.10156000)
(0.00399707 -0.00561832 -0.10156000)
(0.00481579 -0.00481516 -0.10156000)
(0.00561893 -0.00399640 -0.10156000)
(0.00640027 -0.00316947 -0.10156000)
(0.00715481 -0.00234343 -0.10156000)
(0.00787941 -0.00152927 -0.10156000)
(0.00857333 -0.00074220 -0.10156000)
(0.00924562 0.00000023 -0.10156000)
(0.00991708 0.00066500 -0.10156000)
(0.00000069 -0.01042060 -0.10156000)
(0.00066542 -0.00991663 -0.10156000)
(0.00143253 -0.00933547 -0.10156000)
(0.00225098 -0.00869064 -0.10156000)
(0.00309644 -0.00799027 -0.10156000)
(0.00395135 -0.00724336 -0.10156000)
(0.00480335 -0.00645774 -0.10156000)
(0.00564205 -0.00564140 -0.10156000)
(0.00645835 -0.00480267 -0.10156000)
(0.00724394 -0.00395062 -0.10156000)
(0.00799082 -0.00309567 -0.10156000)
(0.00869117 -0.00225016 -0.10156000)
(0.00933597 -0.00143165 -0.10156000)
(0.00991711 -0.00066449 -0.10156000)
(0.01042110 0.00000028 -0.10156000)
)
