945
(
(0.016962 0.317879 0.394213)
(0.050557 0.319284 0.398723)
(0.083899 0.313453 0.400720)
(0.116537 0.303895 0.402326)
(0.148042 0.290783 0.403672)
(0.177991 0.274233 0.404703)
(0.205955 0.254403 0.405333)
(0.231545 0.231545 0.405552)
(0.254403 0.205953 0.405331)
(0.274232 0.177989 0.404699)
(0.290783 0.148042 0.403672)
(0.303897 0.116537 0.402329)
(0.313456 0.083898 0.400723)
(0.319286 0.050555 0.398726)
(0.317894 0.016964 0.394226)
(0.019216 0.369524 0.468243)
(0.057932 0.368131 0.471404)
(0.096357 0.361488 0.472836)
(0.133964 0.350437 0.474074)
(0.170286 0.335241 0.475144)
(0.204847 0.316089 0.475975)
(0.237152 0.293162 0.476499)
(0.266733 0.266731 0.476679)
(0.293164 0.237152 0.476501)
(0.316089 0.204845 0.475974)
(0.335243 0.170286 0.475146)
(0.350438 0.133963 0.474075)
(0.361489 0.096356 0.472836)
(0.368135 0.057932 0.471408)
(0.369526 0.019222 0.468248)
(0.021203 0.411303 0.511713)
(0.064175 0.409089 0.512817)
(0.106839 0.401718 0.513727)
(0.148734 0.389804 0.514604)
(0.189353 0.373328 0.515397)
(0.228094 0.352321 0.516031)
(0.264340 0.326943 0.516437)
(0.297476 0.297478 0.516578)
(0.326942 0.264342 0.516438)
(0.352322 0.228096 0.516032)
(0.373328 0.189356 0.515398)
(0.389802 0.148735 0.514603)
(0.401719 0.106842 0.513728)
(0.409092 0.064181 0.512820)
(0.411308 0.021216 0.511715)
(0.023756 0.461662 0.535030)
(0.071908 0.458492 0.535593)
(0.119771 0.450476 0.536219)
(0.166858 0.437538 0.536904)
(0.212211 0.418644 0.537557)
(0.255464 0.394799 0.538066)
(0.295966 0.366164 0.538385)
(0.333059 0.333064 0.538495)
(0.366161 0.295971 0.538385)
(0.394794 0.255471 0.538066)
(0.418641 0.212217 0.537556)
(0.437536 0.166866 0.536905)
(0.450477 0.119781 0.536220)
(0.458494 0.071921 0.535594)
(0.461666 0.023776 0.535032)
(0.025423 0.492408 0.540820)
(0.076521 0.487404 0.540816)
(0.127017 0.477598 0.540805)
(0.176406 0.462723 0.540600)
(0.224248 0.442644 0.540266)
(0.269893 0.417326 0.539988)
(0.312673 0.386963 0.539805)
(0.351903 0.351914 0.539741)
(0.386954 0.312683 0.539805)
(0.417321 0.269903 0.539988)
(0.442639 0.224259 0.540266)
(0.462718 0.176418 0.540600)
(0.477594 0.127032 0.540805)
(0.487403 0.076540 0.540816)
(0.492408 0.025448 0.540820)
(0.026964 0.517659 0.536108)
(0.080395 0.512525 0.536035)
(0.133392 0.502511 0.535847)
(0.185331 0.487256 0.535613)
(0.235807 0.466493 0.535380)
(0.284144 0.440115 0.535184)
(0.329543 0.408222 0.535056)
(0.371176 0.371188 0.535011)
(0.408209 0.329558 0.535056)
(0.440105 0.284159 0.535184)
(0.466485 0.235824 0.535379)
(0.487250 0.185350 0.535613)
(0.502506 0.133415 0.535847)
(0.512522 0.080420 0.536035)
(0.517661 0.026996 0.536107)
(0.027903 0.541122 0.528440)
(0.083655 0.536371 0.528150)
(0.138958 0.526626 0.527635)
(0.193312 0.511250 0.526674)
(0.246431 0.489996 0.525336)
(0.297565 0.462613 0.524224)
(0.345749 0.429130 0.523494)
(0.389922 0.389940 0.523240)
(0.429115 0.345769 0.523494)
(0.462600 0.297588 0.524223)
(0.489986 0.246457 0.525334)
(0.511242 0.193338 0.526673)
(0.526620 0.138986 0.527635)
(0.536369 0.083687 0.528149)
(0.541125 0.027941 0.528439)
(0.028605 0.560712 0.513996)
(0.085793 0.556061 0.512773)
(0.142525 0.546228 0.510847)
(0.198316 0.530028 0.508599)
(0.253101 0.507677 0.506418)
(0.306129 0.478901 0.504627)
(0.356360 0.443731 0.503458)
(0.402642 0.402662 0.503052)
(0.443711 0.356384 0.503457)
(0.478885 0.306156 0.504626)
(0.507664 0.253129 0.506417)
(0.530017 0.198348 0.508597)
(0.546221 0.142561 0.510843)
(0.556059 0.085833 0.512769)
(0.560714 0.028649 0.513992)
(0.028703 0.573502 0.497763)
(0.086046 0.569046 0.496257)
(0.142943 0.558915 0.493806)
(0.199540 0.542992 0.491074)
(0.255782 0.520564 0.488473)
(0.310304 0.490367 0.486361)
(0.362220 0.453371 0.484163)
(0.410321 0.410347 0.483300)
(0.453346 0.362250 0.484161)
(0.490345 0.310338 0.486359)
(0.520547 0.255818 0.488471)
(0.542979 0.199579 0.491071)
(0.558906 0.142985 0.493803)
(0.569041 0.086090 0.496254)
(0.573504 0.028751 0.497758)
(0.027917 0.579628 0.481493)
(0.083502 0.574261 0.477804)
(0.138930 0.563424 0.472129)
(0.194291 0.545418 0.466095)
(0.249763 0.520710 0.460536)
(0.304529 0.489159 0.456078)
(0.357176 0.450750 0.453281)
(0.406380 0.406411 0.452318)
(0.450722 0.357211 0.453280)
(0.489136 0.304565 0.456077)
(0.520689 0.249803 0.460531)
(0.545400 0.194335 0.466088)
(0.563412 0.138977 0.472122)
(0.574254 0.083551 0.477795)
(0.579626 0.027970 0.481485)
(0.025563 0.576480 0.458784)
(0.076483 0.570204 0.453792)
(0.128459 0.558028 0.446956)
(0.182108 0.539823 0.440131)
(0.237203 0.514743 0.434509)
(0.292676 0.482622 0.430051)
(0.346219 0.442626 0.426308)
(0.396711 0.396746 0.425015)
(0.442594 0.346257 0.426307)
(0.482596 0.292718 0.430048)
(0.514720 0.237248 0.434505)
(0.539805 0.182155 0.440127)
(0.558014 0.128508 0.446949)
(0.570194 0.076534 0.453784)
(0.576475 0.025618 0.458774)
(0.020665 0.569352 0.440158)
(0.062644 0.562883 0.433728)
(0.110454 0.550030 0.424945)
(0.162191 0.529935 0.415163)
(0.216546 0.502402 0.407202)
(0.271974 0.467696 0.400589)
(0.325949 0.425235 0.396142)
(0.377554 0.377592 0.394613)
(0.425201 0.325990 0.396140)
(0.467666 0.272019 0.400585)
(0.502377 0.216593 0.407197)
(0.529914 0.162242 0.415156)
(0.550014 0.110506 0.424937)
(0.562873 0.062697 0.433720)
(0.569345 0.020720 0.440149)
(-0.317878 0.016963 0.394212)
(-0.319285 0.050556 0.398725)
(-0.313455 0.083899 0.400723)
(-0.303897 0.116537 0.402329)
(-0.290783 0.148042 0.403672)
(-0.274237 0.177993 0.404709)
(-0.254407 0.205957 0.405341)
(-0.231545 0.231545 0.405552)
(-0.205957 0.254407 0.405341)
(-0.177993 0.274237 0.404709)
(-0.148042 0.290783 0.403672)
(-0.116537 0.303897 0.402329)
(-0.083898 0.313456 0.400723)
(-0.050555 0.319286 0.398726)
(-0.016964 0.317894 0.394226)
(-0.369523 0.019222 0.468241)
(-0.368132 0.057932 0.471404)
(-0.361489 0.096356 0.472837)
(-0.350438 0.133963 0.474075)
(-0.335243 0.170286 0.475146)
(-0.316091 0.204847 0.475976)
(-0.293164 0.237152 0.476501)
(-0.266733 0.266733 0.476682)
(-0.237152 0.293164 0.476501)
(-0.204847 0.316091 0.475976)
(-0.170286 0.335243 0.475146)
(-0.133963 0.350438 0.474075)
(-0.096356 0.361489 0.472837)
(-0.057932 0.368135 0.471408)
(-0.019222 0.369526 0.468248)
(-0.411305 0.021216 0.511714)
(-0.409087 0.064180 0.512816)
(-0.401719 0.106842 0.513728)
(-0.389803 0.148735 0.514603)
(-0.373330 0.189355 0.515399)
(-0.352322 0.228096 0.516032)
(-0.326945 0.264342 0.516439)
(-0.297476 0.297478 0.516578)
(-0.264342 0.326945 0.516439)
(-0.228094 0.352321 0.516031)
(-0.189353 0.373328 0.515397)
(-0.148734 0.389803 0.514603)
(-0.106840 0.401717 0.513727)
(-0.064180 0.409090 0.512818)
(-0.021215 0.411305 0.511714)
(-0.461666 0.023776 0.535032)
(-0.458494 0.071920 0.535594)
(-0.450477 0.119781 0.536220)
(-0.437536 0.166865 0.536904)
(-0.418641 0.212216 0.537556)
(-0.394796 0.255470 0.538066)
(-0.366160 0.295969 0.538384)
(-0.333061 0.333064 0.538496)
(-0.295966 0.366162 0.538384)
(-0.255468 0.394795 0.538065)
(-0.212213 0.418642 0.537556)
(-0.166862 0.437536 0.536903)
(-0.119778 0.450475 0.536219)
(-0.071918 0.458491 0.535593)
(-0.023773 0.461663 0.535031)
(-0.492409 0.025447 0.540820)
(-0.487403 0.076538 0.540816)
(-0.477595 0.127031 0.540805)
(-0.462719 0.176417 0.540600)
(-0.442640 0.224258 0.540266)
(-0.417321 0.269901 0.539988)
(-0.386957 0.312680 0.539805)
(-0.351906 0.351909 0.539741)
(-0.312677 0.386959 0.539805)
(-0.269896 0.417324 0.539988)
(-0.224252 0.442641 0.540266)
(-0.176413 0.462720 0.540600)
(-0.127026 0.477594 0.540805)
(-0.076534 0.487401 0.540816)
(-0.025443 0.492407 0.540820)
(-0.517661 0.026994 0.536107)
(-0.512524 0.080419 0.536035)
(-0.502507 0.133413 0.535847)
(-0.487251 0.185348 0.535613)
(-0.466486 0.235820 0.535380)
(-0.440107 0.284155 0.535185)
(-0.408212 0.329555 0.535056)
(-0.371179 0.371185 0.535011)
(-0.329548 0.408217 0.535056)
(-0.284148 0.440110 0.535185)
(-0.235813 0.466488 0.535380)
(-0.185341 0.487252 0.535613)
(-0.133406 0.502507 0.535847)
(-0.080412 0.512521 0.536036)
(-0.026989 0.517657 0.536108)
(-0.541125 0.027938 0.528439)
(-0.536370 0.083684 0.528149)
(-0.526621 0.138983 0.527635)
(-0.511242 0.193334 0.526674)
(-0.489987 0.246452 0.525334)
(-0.462602 0.297584 0.524223)
(-0.429119 0.345763 0.523495)
(-0.389927 0.389934 0.523241)
(-0.345755 0.429125 0.523495)
(-0.297573 0.462607 0.524225)
(-0.246441 0.489990 0.525336)
(-0.193324 0.511244 0.526675)
(-0.138974 0.526621 0.527635)
(-0.083676 0.536366 0.528151)
(-0.027931 0.541120 0.528440)
(-0.560714 0.028645 0.513992)
(-0.556060 0.085829 0.512769)
(-0.546222 0.142558 0.510842)
(-0.530018 0.198345 0.508597)
(-0.507666 0.253126 0.506416)
(-0.478887 0.306152 0.504627)
(-0.443715 0.356379 0.503457)
(-0.402646 0.402658 0.503052)
(-0.356367 0.443724 0.503458)
(-0.306141 0.478894 0.504627)
(-0.253113 0.507671 0.506419)
(-0.198332 0.530021 0.508600)
(-0.142546 0.546223 0.510846)
(-0.085817 0.556056 0.512774)
(-0.028636 0.560710 0.513997)
(-0.573504 0.028747 0.497758)
(-0.569042 0.086085 0.496254)
(-0.558907 0.142981 0.493803)
(-0.542981 0.199573 0.491072)
(-0.520550 0.255814 0.488471)
(-0.490348 0.310333 0.486359)
(-0.453352 0.362243 0.484163)
(-0.410327 0.410341 0.483301)
(-0.362228 0.453364 0.484164)
(-0.310317 0.490358 0.486361)
(-0.255798 0.520556 0.488473)
(-0.199558 0.542985 0.491075)
(-0.142966 0.558909 0.493807)
(-0.086073 0.569042 0.496257)
(-0.028736 0.573500 0.497764)
(-0.579626 0.027965 0.481485)
(-0.574254 0.083546 0.477795)
(-0.563414 0.138972 0.472122)
(-0.545403 0.194330 0.466090)
(-0.520692 0.249798 0.460532)
(-0.489140 0.304560 0.456077)
(-0.450728 0.357204 0.453281)
(-0.406388 0.406404 0.452319)
(-0.357186 0.450743 0.453282)
(-0.304542 0.489152 0.456079)
(-0.249779 0.520703 0.460538)
(-0.194313 0.545410 0.466094)
(-0.138955 0.563418 0.472130)
(-0.083531 0.574257 0.477804)
(-0.027952 0.579626 0.481494)
(-0.576475 0.025613 0.458774)
(-0.570194 0.076530 0.453784)
(-0.558015 0.128503 0.446949)
(-0.539808 0.182149 0.440128)
(-0.514723 0.237242 0.434506)
(-0.482600 0.292712 0.430049)
(-0.442601 0.346250 0.426308)
(-0.396720 0.396739 0.425016)
(-0.346230 0.442618 0.426310)
(-0.292690 0.482615 0.430052)
(-0.237221 0.514735 0.434510)
(-0.182129 0.539816 0.440131)
(-0.128484 0.558022 0.446956)
(-0.076512 0.570200 0.453792)
(-0.025598 0.576478 0.458783)
(-0.569345 0.020715 0.440149)
(-0.562874 0.062692 0.433720)
(-0.550015 0.110501 0.424937)
(-0.529917 0.162236 0.415157)
(-0.502380 0.216587 0.407198)
(-0.467671 0.272013 0.400586)
(-0.425208 0.325984 0.396142)
(-0.377564 0.377586 0.394615)
(-0.325962 0.425228 0.396144)
(-0.271989 0.467689 0.400591)
(-0.216564 0.502395 0.407203)
(-0.162214 0.529929 0.415164)
(-0.110480 0.550025 0.424945)
(-0.062674 0.562880 0.433727)
(-0.020698 0.569350 0.440157)
(0.317879 -0.016962 0.394213)
(0.319284 -0.050557 0.398723)
(0.313453 -0.083899 0.400720)
(0.303895 -0.116537 0.402326)
(0.290783 -0.148042 0.403672)
(0.274233 -0.177991 0.404703)
(0.254407 -0.205957 0.405341)
(0.231545 -0.231545 0.405552)
(0.205953 -0.254403 0.405331)
(0.177989 -0.274232 0.404699)
(0.148042 -0.290783 0.403672)
(0.116537 -0.303897 0.402330)
(0.083898 -0.313456 0.400723)
(0.050555 -0.319286 0.398726)
(0.016964 -0.317894 0.394226)
(0.369524 -0.019215 0.468243)
(0.368132 -0.057932 0.471404)
(0.361488 -0.096357 0.472836)
(0.350437 -0.133964 0.474074)
(0.335241 -0.170286 0.475144)
(0.316089 -0.204847 0.475975)
(0.293162 -0.237152 0.476499)
(0.266731 -0.266733 0.476679)
(0.237152 -0.293164 0.476501)
(0.204847 -0.316091 0.475976)
(0.170286 -0.335243 0.475146)
(0.133963 -0.350438 0.474075)
(0.096356 -0.361489 0.472837)
(0.057932 -0.368135 0.471408)
(0.019222 -0.369526 0.468248)
(0.411307 -0.021202 0.511714)
(0.409089 -0.064174 0.512817)
(0.401722 -0.106839 0.513729)
(0.389807 -0.148735 0.514606)
(0.373332 -0.189354 0.515400)
(0.352325 -0.228096 0.516033)
(0.326947 -0.264342 0.516440)
(0.297481 -0.297479 0.516580)
(0.264345 -0.326946 0.516440)
(0.228096 -0.352322 0.516032)
(0.189357 -0.373332 0.515400)
(0.148736 -0.389805 0.514605)
(0.106842 -0.401720 0.513728)
(0.064180 -0.409093 0.512820)
(0.021215 -0.411308 0.511715)
(0.461669 -0.023754 0.535032)
(0.458499 -0.071907 0.535595)
(0.450484 -0.119772 0.536221)
(0.437541 -0.166858 0.536905)
(0.418647 -0.212211 0.537558)
(0.394802 -0.255467 0.538068)
(0.366166 -0.295967 0.538386)
(0.333066 -0.333061 0.538496)
(0.295973 -0.366163 0.538386)
(0.255472 -0.394797 0.538067)
(0.212217 -0.418643 0.537558)
(0.166866 -0.437539 0.536906)
(0.119781 -0.450481 0.536221)
(0.071920 -0.458501 0.535596)
(0.023774 -0.461674 0.535034)
(0.492410 -0.025418 0.540820)
(0.487408 -0.076518 0.540816)
(0.477602 -0.127015 0.540805)
(0.462727 -0.176405 0.540599)
(0.442648 -0.224247 0.540265)
(0.417329 -0.269894 0.539987)
(0.386966 -0.312674 0.539803)
(0.351914 -0.351906 0.539740)
(0.312685 -0.386958 0.539803)
(0.269905 -0.417323 0.539987)
(0.224259 -0.442643 0.540265)
(0.176418 -0.462722 0.540599)
(0.127030 -0.477598 0.540805)
(0.076537 -0.487406 0.540816)
(0.025444 -0.492411 0.540820)
(0.517664 -0.026958 0.536107)
(0.512529 -0.080390 0.536035)
(0.502515 -0.133389 0.535847)
(0.487261 -0.185328 0.535612)
(0.466498 -0.235806 0.535379)
(0.440120 -0.284145 0.535184)
(0.408226 -0.329545 0.535055)
(0.371192 -0.371179 0.535010)
(0.329559 -0.408215 0.535055)
(0.284159 -0.440110 0.535184)
(0.235823 -0.466490 0.535379)
(0.185349 -0.487256 0.535612)
(0.133411 -0.502511 0.535846)
(0.080416 -0.512528 0.536034)
(0.026990 -0.517665 0.536106)
(0.541128 -0.027895 0.528439)
(0.536378 -0.083649 0.528148)
(0.526633 -0.138953 0.527633)
(0.511257 -0.193309 0.526670)
(0.490003 -0.246431 0.525331)
(0.462619 -0.297567 0.524220)
(0.429136 -0.345752 0.523490)
(0.389945 -0.389927 0.523235)
(0.345770 -0.429121 0.523490)
(0.297587 -0.462607 0.524219)
(0.246454 -0.489992 0.525330)
(0.193336 -0.511249 0.526669)
(0.138981 -0.526627 0.527633)
(0.083681 -0.536376 0.528148)
(0.027933 -0.541131 0.528437)
(0.560718 -0.028595 0.513991)
(0.556068 -0.085785 0.512767)
(0.546234 -0.142519 0.510840)
(0.530033 -0.198311 0.508593)
(0.507683 -0.253098 0.506412)
(0.478906 -0.306130 0.504620)
(0.443735 -0.356360 0.503451)
(0.402665 -0.402645 0.503046)
(0.356385 -0.443716 0.503451)
(0.306157 -0.478889 0.504619)
(0.253128 -0.507669 0.506410)
(0.198344 -0.530023 0.508591)
(0.142554 -0.546226 0.510838)
(0.085824 -0.556066 0.512763)
(0.028638 -0.560720 0.513986)
(0.573507 -0.028689 0.497759)
(0.569051 -0.086034 0.496253)
(0.558920 -0.142935 0.493800)
(0.542998 -0.199533 0.491068)
(0.520570 -0.255779 0.488466)
(0.490368 -0.310302 0.486354)
(0.453371 -0.362219 0.484150)
(0.410348 -0.410321 0.483287)
(0.362247 -0.453348 0.484150)
(0.310334 -0.490348 0.486353)
(0.255814 -0.520553 0.488464)
(0.199572 -0.542985 0.491066)
(0.142977 -0.558912 0.493796)
(0.086079 -0.569047 0.496248)
(0.028738 -0.573509 0.497754)
(0.579629 -0.027901 0.481483)
(0.574263 -0.083488 0.477793)
(0.563427 -0.138919 0.472117)
(0.545418 -0.194281 0.466083)
(0.520710 -0.249755 0.460524)
(0.489159 -0.304521 0.456067)
(0.450748 -0.357171 0.453269)
(0.406408 -0.406377 0.452306)
(0.357205 -0.450721 0.453268)
(0.304559 -0.489134 0.456064)
(0.249795 -0.520689 0.460519)
(0.194325 -0.545400 0.466077)
(0.138965 -0.563415 0.472111)
(0.083537 -0.574256 0.477784)
(0.027954 -0.579626 0.481475)
(0.576478 -0.025545 0.458775)
(0.570202 -0.076467 0.453782)
(0.558027 -0.128444 0.446945)
(0.539822 -0.182095 0.440121)
(0.514741 -0.237193 0.434498)
(0.482621 -0.292668 0.430040)
(0.442620 -0.346210 0.426294)
(0.396739 -0.396704 0.425000)
(0.346248 -0.442589 0.426293)
(0.292709 -0.482594 0.430038)
(0.237236 -0.514719 0.434495)
(0.182142 -0.539804 0.440117)
(0.128494 -0.558013 0.446939)
(0.076518 -0.570192 0.453774)
(0.025600 -0.576473 0.458764)
(0.569347 -0.020645 0.440148)
(0.562880 -0.062625 0.433717)
(0.550023 -0.110437 0.424930)
(0.529930 -0.162176 0.415150)
(0.502395 -0.216531 0.407189)
(0.467688 -0.271961 0.400574)
(0.425223 -0.325936 0.396127)
(0.377579 -0.377542 0.394598)
(0.325976 -0.425189 0.396125)
(0.272005 -0.467659 0.400571)
(0.216578 -0.502370 0.407184)
(0.162225 -0.529910 0.415144)
(0.110488 -0.550007 0.424922)
(0.062678 -0.562871 0.433711)
(0.020700 -0.569342 0.440141)
(-0.016962 -0.317879 0.394213)
(-0.050557 -0.319284 0.398723)
(-0.083899 -0.313453 0.400720)
(-0.116537 -0.303895 0.402326)
(-0.148042 -0.290783 0.403672)
(-0.177987 -0.274228 0.404692)
(-0.205953 -0.254403 0.405331)
(-0.231545 -0.231545 0.405552)
(-0.254398 -0.205950 0.405324)
(-0.274228 -0.177987 0.404692)
(-0.290783 -0.148042 0.403672)
(-0.303895 -0.116537 0.402326)
(-0.313454 -0.083899 0.400720)
(-0.319284 -0.050556 0.398724)
(-0.317896 -0.016963 0.394227)
(-0.019216 -0.369524 0.468243)
(-0.057932 -0.368131 0.471404)
(-0.096357 -0.361488 0.472836)
(-0.133964 -0.350437 0.474074)
(-0.170286 -0.335241 0.475144)
(-0.204847 -0.316089 0.475975)
(-0.237152 -0.293162 0.476499)
(-0.266731 -0.266731 0.476677)
(-0.293162 -0.237152 0.476499)
(-0.316089 -0.204847 0.475975)
(-0.335241 -0.170286 0.475144)
(-0.350437 -0.133964 0.474074)
(-0.361488 -0.096357 0.472836)
(-0.368135 -0.057933 0.471408)
(-0.369527 -0.019216 0.468249)
(-0.021203 -0.411306 0.511714)
(-0.064176 -0.409092 0.512819)
(-0.106840 -0.401721 0.513729)
(-0.148735 -0.389806 0.514605)
(-0.189355 -0.373330 0.515399)
(-0.228096 -0.352322 0.516032)
(-0.264345 -0.326946 0.516440)
(-0.297479 -0.297479 0.516579)
(-0.326947 -0.264342 0.516440)
(-0.352325 -0.228096 0.516033)
(-0.373332 -0.189354 0.515400)
(-0.389805 -0.148733 0.514604)
(-0.401721 -0.106839 0.513729)
(-0.409095 -0.064176 0.512820)
(-0.411309 -0.021202 0.511716)
(-0.023757 -0.461672 0.535033)
(-0.071910 -0.458502 0.535596)
(-0.119776 -0.450485 0.536222)
(-0.166863 -0.437542 0.536907)
(-0.212215 -0.418646 0.537559)
(-0.255471 -0.394799 0.538068)
(-0.295972 -0.366165 0.538387)
(-0.333065 -0.333063 0.538497)
(-0.366167 -0.295969 0.538387)
(-0.394800 -0.255468 0.538067)
(-0.418646 -0.212212 0.537558)
(-0.437542 -0.166860 0.536906)
(-0.450483 -0.119773 0.536221)
(-0.458499 -0.071908 0.535595)
(-0.461669 -0.023754 0.535032)
(-0.025423 -0.492412 0.540820)
(-0.076523 -0.487410 0.540816)
(-0.127021 -0.477602 0.540805)
(-0.176411 -0.462726 0.540598)
(-0.224253 -0.442646 0.540265)
(-0.269900 -0.417326 0.539986)
(-0.312680 -0.386962 0.539803)
(-0.351914 -0.351908 0.539739)
(-0.386964 -0.312677 0.539803)
(-0.417328 -0.269897 0.539987)
(-0.442647 -0.224249 0.540265)
(-0.462726 -0.176406 0.540599)
(-0.477601 -0.127016 0.540805)
(-0.487408 -0.076520 0.540816)
(-0.492410 -0.025420 0.540820)
(-0.026966 -0.517666 0.536106)
(-0.080399 -0.512532 0.536034)
(-0.133399 -0.502516 0.535846)
(-0.185339 -0.487260 0.535612)
(-0.235817 -0.466495 0.535378)
(-0.284155 -0.440115 0.535183)
(-0.329555 -0.408218 0.535055)
(-0.371190 -0.371184 0.535010)
(-0.408223 -0.329548 0.535055)
(-0.440118 -0.284148 0.535184)
(-0.466497 -0.235810 0.535379)
(-0.487261 -0.185331 0.535612)
(-0.502515 -0.133391 0.535847)
(-0.512529 -0.080392 0.536035)
(-0.517662 -0.026961 0.536107)
(-0.027905 -0.541133 0.528437)
(-0.083660 -0.536380 0.528148)
(-0.138965 -0.526632 0.527633)
(-0.193323 -0.511255 0.526668)
(-0.246444 -0.489998 0.525330)
(-0.297580 -0.462612 0.524219)
(-0.345765 -0.429127 0.523489)
(-0.389941 -0.389931 0.523235)
(-0.429133 -0.345756 0.523490)
(-0.462618 -0.297571 0.524219)
(-0.490002 -0.246435 0.525331)
(-0.511255 -0.193312 0.526670)
(-0.526632 -0.138956 0.527634)
(-0.536378 -0.083651 0.528149)
(-0.541128 -0.027898 0.528439)
(-0.028607 -0.560721 0.513987)
(-0.085799 -0.556069 0.512763)
(-0.142534 -0.546231 0.510837)
(-0.198329 -0.530029 0.508590)
(-0.253114 -0.507676 0.506410)
(-0.306146 -0.478897 0.504619)
(-0.356378 -0.443722 0.503450)
(-0.402660 -0.402652 0.503045)
(-0.443731 -0.356365 0.503451)
(-0.478903 -0.306135 0.504620)
(-0.507681 -0.253103 0.506411)
(-0.530032 -0.198316 0.508593)
(-0.546232 -0.142522 0.510840)
(-0.556067 -0.085788 0.512767)
(-0.560717 -0.028598 0.513991)
(-0.028705 -0.573511 0.497753)
(-0.086051 -0.569051 0.496248)
(-0.142954 -0.558917 0.493797)
(-0.199554 -0.542993 0.491065)
(-0.255800 -0.520561 0.488463)
(-0.310322 -0.490355 0.486352)
(-0.362239 -0.453355 0.484148)
(-0.410341 -0.410327 0.483286)
(-0.453367 -0.362224 0.484150)
(-0.490365 -0.310307 0.486354)
(-0.520567 -0.255784 0.488465)
(-0.542997 -0.199538 0.491068)
(-0.558919 -0.142939 0.493800)
(-0.569050 -0.086039 0.496251)
(-0.573507 -0.028693 0.497759)
(-0.027919 -0.579628 0.481474)
(-0.083508 -0.574260 0.477784)
(-0.138941 -0.563421 0.472110)
(-0.194304 -0.545408 0.466077)
(-0.249778 -0.520698 0.460519)
(-0.304546 -0.489142 0.456062)
(-0.357195 -0.450728 0.453266)
(-0.406400 -0.406384 0.452304)
(-0.450742 -0.357178 0.453268)
(-0.489153 -0.304529 0.456064)
(-0.520707 -0.249760 0.460523)
(-0.545415 -0.194287 0.466082)
(-0.563426 -0.138923 0.472118)
(-0.574262 -0.083492 0.477793)
(-0.579629 -0.027906 0.481483)
(-0.025565 -0.576475 0.458765)
(-0.076488 -0.570196 0.453774)
(-0.128468 -0.558018 0.446938)
(-0.182120 -0.539811 0.440116)
(-0.237219 -0.514727 0.434494)
(-0.292695 -0.482602 0.430037)
(-0.346237 -0.442596 0.426291)
(-0.396730 -0.396711 0.424998)
(-0.442613 -0.346217 0.426293)
(-0.482616 -0.292675 0.430039)
(-0.514738 -0.237198 0.434497)
(-0.539821 -0.182100 0.440121)
(-0.558026 -0.128449 0.446945)
(-0.570201 -0.076471 0.453782)
(-0.576478 -0.025550 0.458775)
(-0.020667 -0.569343 0.440140)
(-0.062649 -0.562873 0.433710)
(-0.110462 -0.550013 0.424922)
(-0.162203 -0.529916 0.415143)
(-0.216559 -0.502377 0.407183)
(-0.271990 -0.467666 0.400569)
(-0.325964 -0.425195 0.396123)
(-0.377570 -0.377548 0.394596)
(-0.425215 -0.325942 0.396125)
(-0.467683 -0.271967 0.400573)
(-0.502391 -0.216537 0.407188)
(-0.529928 -0.162181 0.415150)
(-0.550023 -0.110442 0.424931)
(-0.562879 -0.062631 0.433717)
(-0.569347 -0.020650 0.440148)
(0.000015 -0.561797 0.426090)
(-0.036985 -0.551916 0.413792)
(-0.082195 -0.535944 0.401951)
(-0.132389 -0.511287 0.388937)
(-0.186980 -0.482588 0.375949)
(-0.243913 -0.447183 0.366599)
(-0.300566 -0.404121 0.361554)
(-0.354746 -0.354721 0.359968)
(-0.404143 -0.300541 0.361556)
(-0.447202 -0.243888 0.366604)
(-0.482604 -0.186955 0.375956)
(-0.511303 -0.132366 0.388947)
(-0.535956 -0.082173 0.401960)
(-0.551924 -0.036965 0.413802)
(-0.561804 0.000032 0.426100)
(0.037013 -0.551914 0.413792)
(0.000013 -0.536483 0.396728)
(-0.044714 -0.516441 0.377001)
(-0.095851 -0.493800 0.361052)
(-0.151159 -0.461444 0.349171)
(-0.210039 -0.424073 0.339122)
(-0.270202 -0.379834 0.332752)
(-0.327714 -0.327687 0.330558)
(-0.379859 -0.270173 0.332754)
(-0.424094 -0.210009 0.339127)
(-0.461465 -0.151133 0.349179)
(-0.493815 -0.095826 0.361060)
(-0.516452 -0.044691 0.377013)
(-0.536497 0.000033 0.396740)
(-0.551921 0.037030 0.413803)
(0.082220 -0.535941 0.401951)
(0.044738 -0.516439 0.377001)
(0.000011 -0.496996 0.356612)
(-0.051366 -0.470231 0.338934)
(-0.108983 -0.439708 0.322681)
(-0.171825 -0.402532 0.308314)
(-0.236846 -0.355785 0.299932)
(-0.299440 -0.299409 0.297235)
(-0.355813 -0.236813 0.299935)
(-0.402554 -0.171793 0.308321)
(-0.439729 -0.108954 0.322692)
(-0.470245 -0.051340 0.338944)
(-0.497014 0.000034 0.356622)
(-0.516449 0.044757 0.377016)
(-0.535950 0.082236 0.401964)
(0.132411 -0.511283 0.388938)
(0.095873 -0.493796 0.361053)
(0.051387 -0.470229 0.338934)
(0.000010 -0.445609 0.315832)
(-0.059470 -0.417421 0.296021)
(-0.126739 -0.380380 0.281870)
(-0.198051 -0.330003 0.273298)
(-0.267006 -0.266969 0.270908)
(-0.330034 -0.198013 0.273301)
(-0.380403 -0.126702 0.281877)
(-0.417441 -0.059438 0.296031)
(-0.445623 0.000037 0.315847)
(-0.470241 0.051409 0.338947)
(-0.493808 0.095891 0.361065)
(-0.511296 0.132427 0.388956)
(0.186998 -0.482582 0.375950)
(0.151178 -0.461440 0.349172)
(0.109001 -0.439705 0.322682)
(0.059487 -0.417419 0.296021)
(0.000008 -0.390010 0.275524)
(-0.069222 -0.345717 0.262616)
(-0.147244 -0.294197 0.252739)
(-0.226321 -0.226278 0.249705)
(-0.294232 -0.147199 0.252744)
(-0.345743 -0.069182 0.262624)
(-0.390032 0.000042 0.275536)
(-0.417436 0.059514 0.296035)
(-0.439722 0.109023 0.322700)
(-0.461458 0.151196 0.349188)
(-0.482592 0.187010 0.375967)
(0.243929 -0.447177 0.366601)
(0.210054 -0.424068 0.339123)
(0.171840 -0.402527 0.308316)
(0.126754 -0.380376 0.281871)
(0.069236 -0.345715 0.262617)
(0.000006 -0.309787 0.246366)
(-0.085653 -0.256673 0.237877)
(-0.177516 -0.177462 0.235022)
(-0.256725 -0.085603 0.237881)
(-0.309812 0.000049 0.246375)
(-0.345736 0.069268 0.262628)
(-0.380392 0.126778 0.281886)
(-0.402541 0.171858 0.308333)
(-0.424082 0.210067 0.339140)
(-0.447191 0.243940 0.366619)
(0.300579 -0.404114 0.361556)
(0.270214 -0.379828 0.332753)
(0.236858 -0.355780 0.299933)
(0.198062 -0.329998 0.273299)
(0.147256 -0.294194 0.252740)
(0.085663 -0.256672 0.237877)
(0.000004 -0.198743 0.232856)
(-0.116122 -0.116049 0.230620)
(-0.198809 0.000064 0.232858)
(-0.256727 0.085712 0.237885)
(-0.294217 0.147283 0.252754)
(-0.330022 0.198084 0.273311)
(-0.355800 0.236874 0.299952)
(-0.379844 0.270224 0.332771)
(-0.404131 0.300587 0.361571)
(0.354755 -0.354715 0.359970)
(0.327724 -0.327681 0.330560)
(0.299449 -0.299403 0.297236)
(0.267014 -0.266965 0.270909)
(0.226329 -0.226274 0.249706)
(0.177522 -0.177459 0.235022)
(0.116125 -0.116047 0.230620)
(0.000281 0.086200 0.230400)
(-0.116080 0.116153 0.230623)
(-0.177492 0.177545 0.235030)
(-0.226305 0.226350 0.249718)
(-0.267003 0.267041 0.270922)
(-0.299428 0.299461 0.297254)
(-0.327707 0.327736 0.330578)
(-0.354736 0.354761 0.359985)
(0.404150 -0.300534 0.361558)
(0.379865 -0.270167 0.332756)
(0.355819 -0.236807 0.299937)
(0.330040 -0.198008 0.273302)
(0.294236 -0.147195 0.252745)
(0.256729 -0.085600 0.237881)
(0.198810 0.000066 0.232858)
(0.116077 0.116156 0.230623)
(-0.000004 0.198876 0.232861)
(-0.085662 0.256780 0.237888)
(-0.147237 0.294253 0.252758)
(-0.198045 0.330054 0.273314)
(-0.236840 0.355829 0.299956)
(-0.270194 0.379870 0.332774)
(-0.300561 0.404154 0.361573)
(0.447207 -0.243882 0.366605)
(0.424099 -0.210004 0.339129)
(0.402558 -0.171787 0.308322)
(0.380406 -0.126697 0.281878)
(0.345745 -0.069178 0.262624)
(0.309812 0.000053 0.246375)
(0.256725 0.085715 0.237884)
(0.177487 0.177548 0.235030)
(0.085652 0.256781 0.237888)
(-0.000006 0.309839 0.246383)
(-0.069227 0.345763 0.262636)
(-0.126740 0.380416 0.281893)
(-0.171824 0.402564 0.308340)
(-0.210037 0.424103 0.339146)
(-0.243914 0.447211 0.366625)
(0.482607 -0.186949 0.375957)
(0.461468 -0.151127 0.349179)
(0.439731 -0.108949 0.322692)
(0.417442 -0.059433 0.296031)
(0.390032 0.000046 0.275536)
(0.345734 0.069273 0.262628)
(0.294213 0.147287 0.252753)
(0.226299 0.226353 0.249717)
(0.147227 0.294256 0.252758)
(0.069214 0.345764 0.262636)
(-0.000008 0.390055 0.275548)
(-0.059481 0.417457 0.296046)
(-0.108993 0.439743 0.322712)
(-0.151169 0.461479 0.349195)
(-0.186985 0.482608 0.375975)
(0.511305 -0.132361 0.388948)
(0.493816 -0.095821 0.361061)
(0.470246 -0.051335 0.338944)
(0.445624 0.000041 0.315848)
(0.417435 0.059519 0.296035)
(0.380389 0.126782 0.281885)
(0.330016 0.198089 0.273310)
(0.266994 0.267045 0.270921)
(0.198033 0.330059 0.273313)
(0.126725 0.380420 0.281892)
(0.059465 0.417458 0.296045)
(-0.000009 0.445639 0.315863)
(-0.051382 0.470257 0.338958)
(-0.095866 0.493824 0.361074)
(-0.132403 0.511313 0.388967)
(0.535957 -0.082168 0.401961)
(0.516453 -0.044686 0.377013)
(0.497014 0.000039 0.356622)
(0.470241 0.051414 0.338947)
(0.439720 0.109028 0.322700)
(0.402537 0.171863 0.308332)
(0.355794 0.236879 0.299951)
(0.299420 0.299467 0.297253)
(0.236827 0.355834 0.299954)
(0.171810 0.402568 0.308339)
(0.108976 0.439746 0.322711)
(0.051362 0.470259 0.338958)
(-0.000011 0.497031 0.356633)
(-0.044734 0.516460 0.377028)
(-0.082214 0.535962 0.401974)
(0.551925 -0.036960 0.413802)
(0.536497 0.000038 0.396740)
(0.516448 0.044762 0.377016)
(0.493807 0.095897 0.361065)
(0.461455 0.151201 0.349187)
(0.424077 0.210073 0.339139)
(0.379838 0.270230 0.332769)
(0.327698 0.327741 0.330576)
(0.270182 0.379876 0.332772)
(0.210022 0.424109 0.339144)
(0.151150 0.461483 0.349194)
(0.095844 0.493827 0.361073)
(0.044710 0.516462 0.377028)
(-0.000013 0.536511 0.396752)
(-0.037010 0.551930 0.413813)
(0.561804 0.000037 0.426100)
(0.551921 0.037035 0.413803)
(0.535949 0.082241 0.401964)
(0.511295 0.132431 0.388956)
(0.482589 0.187016 0.375967)
(0.447186 0.243946 0.366618)
(0.404125 0.300593 0.361570)
(0.354727 0.354768 0.359984)
(0.300549 0.404161 0.361572)
(0.243898 0.447217 0.366623)
(0.186966 0.482614 0.375974)
(0.132381 0.511317 0.388966)
(0.082189 0.535965 0.401974)
(0.036982 0.551932 0.413813)
(-0.000015 0.561813 0.426113)
)
